fichier: bur26a
    tabousize: 50
       voisinage 0: 1, 2, 3, 6, 5, 7, 4, 9, 10, 8, 11, 12, 13, 14, 16, 17, 18, 15, 19, 23, 21, 20, 25, 24, 26, 22, 5691699
       voisinage 1: 23, 11, 6, 26, 2, 25, 15, 1, 4, 8, 20, 7, 12, 18, 14, 21, 9, 5, 19, 16, 13, 22, 3, 10, 17, 24, 5435466
    tabousize: 150
       voisinage 0: 1, 2, 3, 6, 5, 4, 7, 9, 11, 8, 10, 12, 13, 14, 16, 17, 18, 15, 19, 23, 21, 20, 24, 25, 26, 22, 5688239
       voisinage 1: 23, 11, 2, 26, 6, 15, 25, 1, 4, 8, 12, 7, 20, 18, 14, 21, 9, 5, 19, 22, 16, 3, 10, 13, 17, 24, 5434707-----
    tabousize: 250
       voisinage 0: 1, 2, 3, 6, 5, 4, 7, 9, 11, 8, 10, 12, 13, 14, 16, 17, 18, 15, 19, 23, 21, 20, 24, 25, 26, 22, 5688239
       voisinage 1: 23, 11, 6, 26, 2, 25, 15, 1, 4, 8, 20, 7, 12, 18, 14, 21, 9, 5, 19, 16, 13, 22, 3, 10, 17, 24, 5435466
    tabousize: 350
       voisinage 0: 1, 2, 3, 6, 5, 4, 7, 9, 11, 8, 10, 12, 13, 14, 16, 17, 18, 15, 19, 23, 21, 20, 24, 25, 26, 22, 5688239
       voisinage 1: 23, 11, 6, 26, 2, 25, 15, 1, 4, 8, 20, 7, 12, 18, 14, 21, 9, 5, 19, 16, 13, 22, 3, 10, 17, 24, 5435466
    tabousize: 450
       voisinage 0: 1, 2, 3, 6, 5, 4, 7, 9, 11, 8, 10, 12, 13, 14, 16, 17, 18, 15, 19, 23, 21, 20, 24, 25, 26, 22, 5688239
       voisinage 1: 23, 11, 6, 26, 2, 25, 15, 1, 4, 8, 20, 7, 12, 18, 14, 21, 9, 5, 19, 16, 13, 22, 3, 10, 17, 24, 5435466
    tabousize: 550
       voisinage 0: 1, 2, 3, 6, 5, 4, 7, 9, 11, 8, 10, 12, 13, 14, 16, 17, 18, 15, 19, 23, 21, 20, 24, 25, 26, 22, 5688239
       voisinage 1: 23, 11, 6, 26, 2, 25, 15, 1, 4, 8, 20, 7, 12, 18, 14, 21, 9, 5, 19, 16, 13, 22, 3, 10, 17, 24, 5435466
    tabousize: 650
       voisinage 0: 1, 2, 3, 6, 5, 4, 7, 9, 11, 8, 10, 12, 13, 14, 16, 17, 18, 15, 19, 23, 21, 20, 24, 25, 26, 22, 5688239
       voisinage 1: 23, 11, 6, 26, 2, 25, 15, 1, 4, 8, 20, 7, 12, 18, 14, 21, 9, 5, 19, 16, 13, 22, 3, 10, 17, 24, 5435466
    tabousize: 750
       voisinage 0: 1, 2, 3, 6, 5, 4, 7, 9, 11, 8, 10, 12, 13, 14, 16, 17, 18, 15, 19, 23, 21, 20, 24, 25, 26, 22, 5688239
       voisinage 1: 23, 11, 6, 26, 2, 25, 15, 1, 4, 8, 20, 7, 12, 18, 14, 21, 9, 5, 19, 16, 13, 22, 3, 10, 17, 24, 5435466
    tabousize: 850
       voisinage 0: 1, 2, 3, 6, 5, 4, 7, 9, 11, 8, 10, 12, 13, 14, 16, 17, 18, 15, 19, 23, 21, 20, 24, 25, 26, 22, 5688239
       voisinage 1: 23, 11, 6, 26, 2, 25, 15, 1, 4, 8, 20, 7, 12, 18, 14, 21, 9, 5, 19, 16, 13, 22, 3, 10, 17, 24, 5435466
    tabousize: 950
       voisinage 0: 1, 2, 3, 6, 5, 4, 7, 9, 11, 8, 10, 12, 13, 14, 16, 17, 18, 15, 19, 23, 21, 20, 24, 25, 26, 22, 5688239
       voisinage 1: 23, 11, 6, 26, 2, 25, 15, 1, 4, 8, 20, 7, 12, 18, 14, 21, 9, 5, 19, 16, 13, 22, 3, 10, 17, 24, 5435466
    tabousize: 1050
       voisinage 0: 1, 2, 3, 6, 5, 4, 7, 9, 11, 8, 10, 12, 13, 14, 16, 17, 18, 15, 19, 23, 21, 20, 24, 25, 26, 22, 5688239
       voisinage 1: 23, 11, 6, 26, 2, 25, 15, 1, 4, 8, 20, 7, 12, 18, 14, 21, 9, 5, 19, 16, 13, 22, 3, 10, 17, 24, 5435466
fin fichier --------------
fichier: chr18a
    tabousize: 50
       voisinage 0: 3, 6, 2, 5, 4, 7, 9, 8, 1, 15, 14, 12, 13, 10, 11, 16, 18, 17, 21476
       voisinage 1: 3, 6, 13, 4, 15, 16, 10, 5, 1, 11, 8, 17, 12, 14, 9, 7, 18, 2, 11610
    tabousize: 150
       voisinage 0: 3, 6, 9, 7, 15, 5, 1, 2, 8, 11, 4, 14, 13, 12, 10, 16, 18, 17, 23056
       voisinage 1: 3, 6, 13, 4, 15, 16, 10, 5, 1, 11, 8, 17, 12, 14, 9, 7, 18, 2, 11610
    tabousize: 250
       voisinage 0: 3, 6, 9, 2, 7, 5, 1, 4, 8, 12, 10, 14, 13, 11, 15, 16, 18, 17, 24352
       voisinage 1: 3, 13, 6, 4, 18, 12, 10, 5, 1, 11, 8, 7, 17, 14, 9, 16, 15, 2, 11098---
    tabousize: 350
       voisinage 0: 3, 6, 9, 2, 7, 5, 1, 4, 8, 12, 10, 14, 13, 11, 15, 16, 18, 17, 24352
       voisinage 1: 3, 13, 6, 4, 18, 12, 10, 5, 1, 11, 8, 7, 17, 14, 9, 16, 15, 2, 11098---
    tabousize: 450
       voisinage 0: 5, 4, 8, 15, 13, 7, 9, 6, 1, 18, 3, 16, 2, 14, 11, 17, 10, 12, 19662
       voisinage 1: 3, 13, 6, 4, 18, 12, 10, 5, 1, 11, 8, 7, 17, 14, 9, 16, 15, 2, 11098---
    tabousize: 550
       voisinage 0: 5, 4, 8, 15, 13, 7, 9, 6, 1, 18, 3, 16, 2, 14, 11, 17, 10, 12, 19662
       voisinage 1: 3, 13, 6, 4, 18, 12, 10, 5, 1, 11, 8, 7, 17, 14, 9, 16, 15, 2, 11098---
    tabousize: 650
       voisinage 0: 5, 4, 8, 15, 13, 7, 9, 6, 1, 18, 3, 16, 2, 14, 11, 17, 10, 12, 19662
       voisinage 1: 3, 13, 6, 4, 18, 12, 10, 5, 1, 11, 8, 7, 17, 14, 9, 16, 15, 2, 11098---
    tabousize: 750
       voisinage 0: 3, 6, 9, 2, 7, 5, 1, 4, 8, 12, 10, 14, 13, 11, 15, 16, 18, 17, 24352
       voisinage 1: 3, 13, 6, 4, 18, 12, 10, 5, 1, 11, 8, 7, 17, 14, 9, 16, 15, 2, 11098---
    tabousize: 850
       voisinage 0: 3, 6, 9, 2, 7, 5, 1, 4, 8, 12, 10, 14, 13, 11, 15, 16, 18, 17, 24352
       voisinage 1: 3, 13, 6, 4, 18, 12, 10, 5, 1, 11, 8, 7, 17, 14, 9, 16, 15, 2, 11098---
    tabousize: 950
       voisinage 0: 3, 6, 9, 2, 7, 5, 1, 4, 8, 12, 10, 14, 13, 11, 15, 16, 18, 17, 24352
       voisinage 1: 3, 13, 6, 4, 18, 12, 10, 5, 1, 11, 8, 7, 17, 14, 9, 16, 15, 2, 11098---
    tabousize: 1050
       voisinage 0: 3, 6, 9, 2, 7, 5, 1, 4, 8, 12, 10, 14, 13, 11, 15, 16, 18, 17, 24352
       voisinage 1: 3, 13, 6, 4, 18, 12, 10, 5, 1, 11, 8, 7, 17, 14, 9, 16, 15, 2, 11098---
fin fichier --------------
fichier: els19
    tabousize: 50
       voisinage 0: 2, 1, 3, 5, 6, 4, 7, 8, 9, 10, 12, 11, 13, 14, 16, 15, 18, 17, 19, 23352030
       voisinage 1: 1, 2, 3, 17, 10, 13, 14, 6, 12, 9, 7, 19, 5, 11, 15, 16, 18, 4, 8, 20871282
    tabousize: 150
       voisinage 0: 2, 1, 3, 5, 6, 4, 7, 8, 9, 10, 12, 11, 13, 14, 16, 15, 18, 17, 19, 23352030
       voisinage 1: 1, 2, 3, 17, 10, 13, 14, 6, 12, 9, 7, 19, 5, 11, 15, 16, 18, 4, 8, 20871282
    tabousize: 250
       voisinage 0: 2, 1, 3, 5, 6, 4, 7, 8, 9, 10, 12, 11, 13, 14, 16, 15, 18, 17, 19, 23352030
       voisinage 1: 1, 2, 3, 17, 10, 13, 14, 6, 12, 9, 7, 19, 5, 11, 15, 16, 18, 4, 8, 20871282
    tabousize: 350
       voisinage 0: 2, 1, 3, 5, 10, 4, 7, 8, 9, 6, 12, 11, 13, 14, 15, 16, 19, 17, 18, 23152394
       voisinage 1: 1, 2, 3, 17, 10, 13, 14, 6, 12, 9, 7, 19, 5, 11, 15, 16, 18, 4, 8, 20871282
    tabousize: 450
       voisinage 0: 2, 1, 3, 5, 10, 4, 7, 8, 9, 6, 12, 11, 13, 14, 16, 15, 19, 17, 18, 23152394
       voisinage 1: 1, 2, 3, 17, 10, 13, 14, 6, 12, 9, 7, 19, 5, 11, 15, 16, 18, 4, 8, 20871282
    tabousize: 550
       voisinage 0: 2, 1, 3, 5, 10, 4, 7, 8, 9, 6, 12, 11, 13, 14, 16, 15, 19, 17, 18, 23152394
       voisinage 1: 1, 2, 3, 17, 10, 13, 14, 6, 12, 9, 7, 19, 5, 11, 15, 16, 18, 4, 8, 20871282
    tabousize: 650
       voisinage 0: 2, 1, 3, 5, 10, 4, 7, 8, 9, 6, 12, 11, 13, 14, 16, 15, 19, 17, 18, 23152394
       voisinage 1: 1, 2, 3, 17, 10, 13, 14, 6, 12, 9, 7, 19, 5, 11, 15, 16, 18, 4, 8, 20871282
    tabousize: 750
       voisinage 0: 2, 1, 3, 5, 10, 4, 7, 8, 9, 6, 12, 11, 13, 14, 16, 15, 19, 17, 18, 23152394
       voisinage 1: 1, 2, 3, 17, 10, 13, 14, 6, 12, 9, 7, 19, 5, 11, 15, 16, 18, 4, 8, 20871282
    tabousize: 850
       voisinage 0: 2, 1, 3, 5, 10, 4, 7, 8, 9, 6, 12, 11, 13, 14, 16, 15, 19, 17, 18, 23152394
       voisinage 1: 1, 2, 3, 17, 10, 13, 14, 6, 12, 9, 7, 19, 5, 11, 15, 16, 18, 4, 8, 20871282
    tabousize: 950
       voisinage 0: 2, 1, 3, 5, 10, 4, 7, 8, 9, 6, 12, 11, 13, 14, 16, 15, 19, 17, 18, 23152394
       voisinage 1: 1, 2, 3, 17, 10, 13, 14, 6, 12, 9, 7, 19, 5, 11, 15, 16, 18, 4, 8, 20871282
    tabousize: 1050
       voisinage 0: 2, 1, 3, 5, 10, 4, 7, 8, 9, 6, 12, 11, 13, 14, 16, 15, 19, 17, 18, 23152394
       voisinage 1: 1, 2, 3, 17, 10, 13, 14, 6, 12, 9, 7, 19, 5, 11, 15, 16, 18, 4, 8, 20871282
fin fichier --------------
fichier: kra32
    tabousize: 50
       voisinage 0: 7, 2, 4, 5, 1, 3, 6, 8, 10, 9, 11, 12, 14, 18, 13, 15, 16, 17, 20, 22, 23, 19, 24, 21, 25, 26, 27, 29, 28, 30, 32, 31, 111130
       voisinage 1: 7, 6, 12, 23, 2, 8, 1, 3, 9, 17, 14, 15, 13, 29, 22, 10, 11, 30, 28, 4, 18, 5, 19, 24, 27, 26, 31, 21, 20, 25, 16, 32, 92670
    tabousize: 150
       voisinage 0: 7, 2, 4, 5, 1, 3, 6, 8, 10, 9, 11, 12, 14, 18, 13, 15, 16, 17, 20, 22, 23, 19, 24, 21, 25, 26, 27, 29, 28, 30, 32, 31, 111130
       voisinage 1: 7, 6, 12, 23, 2, 8, 1, 3, 9, 17, 14, 15, 13, 29, 22, 10, 11, 30, 28, 4, 18, 5, 19, 24, 27, 26, 31, 21, 20, 25, 16, 32, 92670
    tabousize: 250
       voisinage 0: 6, 7, 5, 2, 4, 1, 11, 3, 14, 8, 10, 9, 16, 13, 18, 12, 15, 17, 20, 19, 23, 22, 24, 26, 25, 21, 29, 28, 27, 30, 32, 31, 108560
       voisinage 1: 7, 6, 12, 23, 2, 8, 1, 3, 9, 17, 14, 15, 13, 29, 22, 10, 11, 30, 28, 4, 18, 5, 19, 24, 27, 26, 31, 21, 20, 25, 16, 32, 92670
    tabousize: 350
       voisinage 0: 2, 3, 1, 6, 4, 5, 7, 8, 11, 12, 10, 9, 14, 18, 16, 13, 15, 17, 20, 19, 23, 22, 26, 24, 25, 21, 29, 28, 27, 30, 31, 32, 110030
       voisinage 1: 7, 6, 12, 23, 2, 8, 1, 3, 9, 17, 14, 15, 13, 29, 22, 10, 11, 30, 28, 4, 18, 5, 19, 24, 27, 26, 31, 21, 20, 25, 16, 32, 92670
    tabousize: 450
       voisinage 0: 2, 3, 1, 6, 4, 5, 7, 8, 11, 12, 10, 9, 14, 18, 16, 13, 15, 17, 20, 19, 23, 22, 26, 24, 25, 21, 29, 28, 27, 30, 31, 32, 110030
       voisinage 1: 7, 6, 12, 23, 2, 8, 1, 3, 9, 17, 14, 15, 13, 29, 22, 10, 11, 30, 28, 4, 18, 5, 19, 24, 27, 26, 31, 21, 20, 25, 16, 32, 92670
    tabousize: 550
       voisinage 0: 2, 3, 1, 6, 4, 5, 7, 8, 11, 12, 10, 9, 14, 18, 16, 13, 15, 17, 20, 19, 23, 22, 26, 24, 25, 21, 29, 28, 27, 30, 31, 32, 110030
       voisinage 1: 7, 6, 12, 23, 2, 8, 1, 3, 9, 17, 14, 15, 13, 29, 22, 10, 11, 30, 28, 4, 18, 5, 19, 24, 27, 26, 31, 21, 20, 25, 16, 32, 92670
    tabousize: 650
       voisinage 0: 2, 3, 1, 6, 4, 5, 7, 8, 11, 12, 10, 9, 14, 18, 16, 13, 15, 17, 20, 19, 23, 22, 26, 24, 25, 21, 29, 28, 27, 30, 31, 32, 110030
       voisinage 1: 7, 6, 12, 23, 2, 8, 1, 3, 9, 17, 14, 15, 13, 29, 22, 10, 11, 30, 28, 4, 18, 5, 19, 24, 27, 26, 31, 21, 20, 25, 16, 32, 92670
    tabousize: 750
       voisinage 0: 2, 3, 1, 6, 4, 5, 7, 8, 11, 12, 10, 9, 14, 18, 16, 13, 15, 17, 20, 19, 23, 22, 26, 24, 25, 21, 29, 28, 27, 30, 31, 32, 110030
       voisinage 1: 7, 6, 12, 23, 2, 8, 1, 3, 9, 17, 14, 15, 13, 29, 22, 10, 11, 30, 28, 4, 18, 5, 19, 24, 27, 26, 31, 21, 20, 25, 16, 32, 92670
    tabousize: 850
       voisinage 0: 2, 3, 1, 6, 4, 5, 7, 8, 11, 12, 10, 9, 14, 18, 16, 13, 15, 17, 20, 19, 23, 22, 26, 24, 25, 21, 29, 28, 27, 30, 31, 32, 110030
       voisinage 1: 7, 6, 12, 23, 2, 8, 1, 3, 9, 17, 14, 15, 13, 29, 22, 10, 11, 30, 28, 4, 18, 5, 19, 24, 27, 26, 31, 21, 20, 25, 16, 32, 92670
    tabousize: 950
       voisinage 0: 2, 3, 1, 6, 4, 5, 7, 8, 11, 12, 10, 9, 14, 18, 16, 13, 15, 17, 20, 19, 23, 22, 26, 24, 25, 21, 29, 28, 27, 30, 31, 32, 110030
       voisinage 1: 7, 6, 12, 23, 2, 8, 1, 3, 9, 17, 14, 15, 13, 29, 22, 10, 11, 30, 28, 4, 18, 5, 19, 24, 27, 26, 31, 21, 20, 25, 16, 32, 92670
    tabousize: 1050
       voisinage 0: 2, 3, 1, 6, 4, 5, 7, 8, 11, 12, 10, 9, 14, 18, 16, 13, 15, 17, 20, 19, 23, 22, 26, 24, 25, 21, 29, 28, 27, 30, 31, 32, 110030
       voisinage 1: 7, 6, 12, 23, 2, 8, 1, 3, 9, 17, 14, 15, 13, 29, 22, 10, 11, 30, 28, 4, 18, 5, 19, 24, 27, 26, 31, 21, 20, 25, 16, 32, 92670
fin fichier --------------
fichier: nug12
    tabousize: 50
       voisinage 0: 2, 1, 3, 4, 5, 6, 7, 8, 10, 11, 9, 12, 650
       voisinage 1: 2, 1, 8, 3, 10, 7, 11, 9, 5, 6, 4, 12, 586
    tabousize: 150
       voisinage 0: 6, 5, 10, 2, 7, 11, 9, 3, 8, 4, 12, 1, 586
       voisinage 1: 2, 1, 8, 3, 10, 7, 11, 9, 5, 6, 4, 12, 586
    tabousize: 250
       voisinage 0: 2, 10, 6, 5, 1, 11, 8, 4, 3, 9, 7, 12, 578---
       voisinage 1: 5, 6, 10, 2, 4, 8, 11, 1, 12, 7, 9, 3, 578---
    tabousize: 350
       voisinage 0: 2, 10, 6, 5, 1, 11, 8, 4, 3, 9, 7, 12, 578---
       voisinage 1: 2, 1, 8, 3, 10, 7, 11, 9, 5, 6, 4, 12, 586
    tabousize: 450
       voisinage 0: 2, 10, 6, 5, 1, 11, 8, 4, 3, 9, 7, 12, 578---
       voisinage 1: 2, 1, 8, 3, 10, 7, 11, 9, 5, 6, 4, 12, 586
    tabousize: 550
       voisinage 0: 2, 10, 6, 5, 1, 11, 8, 4, 3, 9, 7, 12, 578---
       voisinage 1: 2, 1, 8, 3, 10, 7, 11, 9, 5, 6, 4, 12, 586
    tabousize: 650
       voisinage 0: 2, 10, 6, 5, 1, 11, 8, 4, 3, 9, 7, 12, 578---
       voisinage 1: 2, 1, 8, 3, 10, 7, 11, 9, 5, 6, 4, 12, 586
    tabousize: 750
       voisinage 0: 2, 10, 6, 5, 1, 11, 8, 4, 3, 9, 7, 12, 578---
       voisinage 1: 2, 1, 8, 3, 10, 7, 11, 9, 5, 6, 4, 12, 586
    tabousize: 850
       voisinage 0: 2, 10, 6, 5, 1, 11, 8, 4, 3, 9, 7, 12, 578---
       voisinage 1: 2, 1, 8, 3, 10, 7, 11, 9, 5, 6, 4, 12, 586
    tabousize: 950
       voisinage 0: 2, 10, 6, 5, 1, 11, 8, 4, 3, 9, 7, 12, 578---
       voisinage 1: 2, 1, 8, 3, 10, 7, 11, 9, 5, 6, 4, 12, 586
    tabousize: 1050
       voisinage 0: 2, 10, 6, 5, 1, 11, 8, 4, 3, 9, 7, 12, 578---
       voisinage 1: 2, 1, 8, 3, 10, 7, 11, 9, 5, 6, 4, 12, 586
fin fichier --------------
fichier: nug30
    tabousize: 50
       voisinage 0: 4, 3, 2, 6, 1, 5, 9, 8, 7, 11, 10, 12, 14, 16, 13, 18, 15, 17, 20, 21, 19, 22, 23, 24, 28, 29, 30, 27, 25, 26, 7040
       voisinage 1: 21, 2, 13, 9, 6, 5, 28, 29, 25, 10, 12, 24, 20, 19, 8, 7, 1, 26, 4, 30, 16, 11, 22, 17, 14, 27, 3, 23, 18, 15, 6184
    tabousize: 150
       voisinage 0: 4, 2, 3, 6, 1, 5, 9, 11, 7, 8, 10, 12, 14, 13, 16, 18, 15, 17, 20, 21, 19, 22, 23, 24, 29, 30, 27, 28, 25, 26, 7030
       voisinage 1: 28, 2, 21, 13, 6, 5, 20, 29, 9, 10, 12, 26, 25, 16, 19, 7, 1, 24, 4, 30, 8, 11, 22, 17, 14, 27, 3, 23, 18, 15, 6164---
    tabousize: 250
       voisinage 0: 4, 2, 3, 6, 1, 5, 9, 11, 7, 8, 10, 12, 14, 13, 16, 18, 15, 17, 20, 21, 19, 22, 23, 24, 29, 30, 27, 28, 25, 26, 7030
       voisinage 1: 28, 2, 21, 13, 6, 5, 20, 29, 9, 10, 12, 26, 25, 16, 19, 7, 1, 24, 4, 30, 8, 11, 22, 17, 14, 27, 3, 23, 18, 15, 6164---
    tabousize: 350
       voisinage 0: 4, 2, 3, 6, 1, 5, 9, 11, 7, 8, 10, 12, 14, 13, 16, 18, 15, 17, 20, 21, 19, 22, 23, 24, 29, 30, 27, 28, 25, 26, 7030
       voisinage 1: 28, 2, 21, 13, 6, 5, 20, 29, 9, 10, 12, 26, 25, 16, 19, 7, 1, 24, 4, 30, 8, 11, 22, 17, 14, 27, 3, 23, 18, 15, 6164---
    tabousize: 450
       voisinage 0: 4, 2, 3, 6, 1, 5, 9, 11, 7, 8, 10, 12, 14, 13, 16, 18, 15, 17, 20, 21, 19, 22, 23, 24, 29, 30, 27, 28, 25, 26, 7030
       voisinage 1: 28, 2, 21, 13, 6, 5, 20, 29, 9, 10, 12, 26, 25, 16, 19, 7, 1, 24, 4, 30, 8, 11, 22, 17, 14, 27, 3, 23, 18, 15, 6164---
    tabousize: 550
       voisinage 0: 4, 2, 3, 6, 1, 5, 9, 11, 7, 8, 10, 12, 14, 13, 16, 18, 15, 17, 20, 21, 19, 22, 23, 24, 29, 30, 27, 28, 25, 26, 7030
       voisinage 1: 28, 2, 21, 13, 6, 5, 20, 29, 9, 10, 12, 26, 25, 16, 19, 7, 1, 24, 4, 30, 8, 11, 22, 17, 14, 27, 3, 23, 18, 15, 6164---
    tabousize: 650
       voisinage 0: 4, 3, 6, 1, 2, 5, 11, 8, 7, 9, 10, 12, 14, 16, 18, 23, 13, 17, 15, 20, 22, 19, 21, 24, 27, 30, 28, 25, 29, 26, 6966
       voisinage 1: 28, 2, 21, 13, 6, 5, 20, 29, 9, 10, 12, 26, 25, 16, 19, 7, 1, 24, 4, 30, 8, 11, 22, 17, 14, 27, 3, 23, 18, 15, 6164---
    tabousize: 750
       voisinage 0: 4, 2, 3, 6, 1, 5, 9, 11, 7, 8, 10, 12, 14, 13, 16, 18, 15, 17, 20, 21, 19, 22, 23, 24, 29, 30, 27, 28, 25, 26, 7030
       voisinage 1: 28, 2, 21, 13, 6, 5, 20, 29, 9, 10, 12, 26, 25, 16, 19, 7, 1, 24, 4, 30, 8, 11, 22, 17, 14, 27, 3, 23, 18, 15, 6164---
    tabousize: 850
       voisinage 0: 4, 2, 3, 6, 1, 5, 9, 11, 7, 8, 10, 12, 14, 13, 16, 18, 15, 17, 20, 21, 19, 22, 23, 24, 29, 30, 27, 28, 25, 26, 7030
       voisinage 1: 28, 2, 21, 13, 6, 5, 20, 29, 9, 10, 12, 26, 25, 16, 19, 7, 1, 24, 4, 30, 8, 11, 22, 17, 14, 27, 3, 23, 18, 15, 6164---
    tabousize: 950
       voisinage 0: 4, 2, 3, 6, 1, 5, 9, 11, 7, 8, 10, 12, 14, 13, 16, 18, 15, 17, 20, 21, 19, 22, 23, 24, 29, 30, 27, 28, 25, 26, 7030
       voisinage 1: 28, 2, 21, 13, 6, 5, 20, 29, 9, 10, 12, 26, 25, 16, 19, 7, 1, 24, 4, 30, 8, 11, 22, 17, 14, 27, 3, 23, 18, 15, 6164---
    tabousize: 1050
       voisinage 0: 4, 2, 3, 6, 1, 5, 9, 11, 7, 8, 10, 12, 14, 13, 16, 18, 15, 17, 20, 21, 19, 22, 23, 24, 29, 30, 27, 28, 25, 26, 7030
       voisinage 1: 28, 2, 21, 13, 6, 5, 20, 29, 9, 10, 12, 26, 25, 16, 19, 7, 1, 24, 4, 30, 8, 11, 22, 17, 14, 27, 3, 23, 18, 15, 6164---
fin fichier --------------
fichier: sko42
    tabousize: 50
       voisinage 0: 2, 5, 3, 1, 4, 6, 8, 10, 11, 7, 12, 9, 15, 16, 13, 19, 14, 18, 20, 17, 21, 23, 22, 24, 26, 27, 29, 25, 28, 31, 30, 35, 32, 34, 33, 36, 39, 37, 38, 42, 40, 41, 18560
       voisinage 1: 25, 7, 17, 42, 12, 5, 41, 29, 38, 34, 10, 19, 20, 27, 11, 40, 9, 15, 31, 26, 13, 6, 3, 32, 14, 35, 18, 2, 8, 1, 24, 37, 39, 36, 28, 16, 21, 33, 4, 30, 23, 22, 16062--
    tabousize: 150
       voisinage 0: 2, 5, 3, 1, 4, 6, 8, 10, 11, 12, 7, 9, 15, 16, 13, 19, 18, 14, 20, 17, 21, 23, 22, 26, 24, 27, 29, 25, 28, 30, 35, 31, 32, 34, 33, 36, 39, 37, 38, 42, 40, 41, 18558
       voisinage 1: 25, 11, 7, 17, 12, 5, 41, 29, 34, 42, 10, 19, 20, 27, 40, 38, 9, 15, 31, 26, 13, 6, 3, 32, 14, 35, 18, 2, 8, 1, 24, 37, 39, 28, 36, 16, 21, 4, 33, 30, 22, 23, 16064
    tabousize: 250
       voisinage 0: 2, 5, 3, 1, 4, 6, 8, 10, 11, 12, 7, 9, 15, 16, 13, 19, 18, 14, 20, 17, 21, 23, 22, 26, 24, 27, 29, 25, 28, 30, 35, 31, 32, 34, 33, 36, 39, 37, 38, 42, 40, 41, 18558
       voisinage 1: 25, 11, 7, 17, 12, 5, 41, 29, 34, 42, 10, 19, 20, 27, 40, 38, 9, 15, 31, 26, 13, 6, 3, 32, 14, 35, 18, 2, 8, 1, 24, 37, 39, 28, 36, 16, 21, 4, 33, 30, 22, 23, 16064
    tabousize: 350
       voisinage 0: 6, 2, 5, 3, 1, 4, 8, 10, 11, 12, 7, 15, 9, 16, 13, 19, 18, 20, 17, 14, 21, 23, 27, 26, 29, 24, 22, 25, 31, 30, 35, 34, 28, 32, 33, 36, 39, 42, 38, 37, 40, 41, 18460
       voisinage 1: 25, 11, 7, 17, 12, 5, 41, 29, 34, 42, 10, 19, 20, 27, 40, 38, 9, 15, 31, 26, 13, 6, 3, 32, 14, 35, 18, 2, 8, 1, 24, 37, 39, 28, 36, 16, 21, 4, 33, 30, 22, 23, 16064
    tabousize: 450
       voisinage 0: 2, 5, 3, 1, 4, 6, 8, 10, 11, 12, 7, 9, 15, 16, 13, 19, 18, 14, 20, 17, 21, 23, 22, 26, 24, 27, 29, 25, 28, 30, 35, 31, 32, 34, 33, 36, 39, 37, 38, 42, 40, 41, 18558
       voisinage 1: 25, 11, 7, 17, 12, 5, 41, 29, 34, 42, 10, 19, 20, 27, 40, 38, 9, 15, 31, 26, 13, 6, 3, 32, 14, 35, 18, 2, 8, 1, 24, 37, 39, 28, 36, 16, 21, 4, 33, 30, 22, 23, 16064
    tabousize: 550
       voisinage 0: 2, 5, 3, 1, 4, 6, 8, 10, 11, 12, 7, 9, 15, 16, 13, 19, 18, 14, 20, 17, 21, 23, 22, 26, 24, 27, 29, 25, 28, 30, 35, 31, 32, 34, 33, 36, 39, 37, 38, 42, 40, 41, 18558
       voisinage 1: 25, 11, 7, 17, 12, 5, 41, 29, 34, 42, 10, 19, 20, 27, 40, 38, 9, 15, 31, 26, 13, 6, 3, 32, 14, 35, 18, 2, 8, 1, 24, 37, 39, 28, 36, 16, 21, 4, 33, 30, 22, 23, 16064
    tabousize: 650
       voisinage 0: 2, 5, 3, 1, 4, 6, 8, 10, 11, 12, 7, 9, 15, 16, 13, 19, 18, 14, 20, 17, 21, 23, 22, 26, 24, 27, 29, 25, 28, 30, 35, 31, 32, 34, 33, 36, 39, 37, 38, 42, 40, 41, 18558
       voisinage 1: 25, 11, 7, 17, 12, 5, 41, 29, 34, 42, 10, 19, 20, 27, 40, 38, 9, 15, 31, 26, 13, 6, 3, 32, 14, 35, 18, 2, 8, 1, 24, 37, 39, 28, 36, 16, 21, 4, 33, 30, 22, 23, 16064
    tabousize: 750
       voisinage 0: 2, 5, 3, 1, 4, 6, 8, 10, 11, 12, 7, 9, 15, 16, 13, 19, 18, 14, 20, 17, 21, 23, 22, 26, 24, 27, 29, 25, 28, 30, 35, 31, 32, 34, 33, 36, 39, 37, 38, 42, 40, 41, 18558
       voisinage 1: 25, 11, 7, 17, 12, 5, 41, 29, 34, 42, 10, 19, 20, 27, 40, 38, 9, 15, 31, 26, 13, 6, 3, 32, 14, 35, 18, 2, 8, 1, 24, 37, 39, 28, 36, 16, 21, 4, 33, 30, 22, 23, 16064
    tabousize: 850
       voisinage 0: 2, 5, 3, 1, 4, 6, 8, 10, 12, 7, 11, 9, 15, 16, 13, 19, 18, 14, 20, 17, 21, 23, 27, 26, 22, 24, 29, 25, 30, 35, 32, 28, 31, 34, 33, 36, 39, 42, 37, 38, 40, 41, 18530
       voisinage 1: 25, 11, 7, 17, 12, 5, 41, 29, 34, 42, 10, 19, 20, 27, 40, 38, 9, 15, 31, 26, 13, 6, 3, 32, 14, 35, 18, 2, 8, 1, 24, 37, 39, 28, 36, 16, 21, 4, 33, 30, 22, 23, 16064
    tabousize: 950
       voisinage 0: 2, 5, 3, 1, 4, 6, 8, 10, 11, 12, 7, 9, 15, 16, 13, 19, 18, 14, 20, 17, 21, 23, 22, 26, 24, 27, 29, 25, 28, 30, 35, 31, 32, 34, 33, 36, 39, 37, 38, 42, 40, 41, 18558
       voisinage 1: 25, 11, 7, 17, 12, 5, 41, 29, 34, 42, 10, 19, 20, 27, 40, 38, 9, 15, 31, 26, 13, 6, 3, 32, 14, 35, 18, 2, 8, 1, 24, 37, 39, 28, 36, 16, 21, 4, 33, 30, 22, 23, 16064
    tabousize: 1050
       voisinage 0: 2, 5, 3, 1, 4, 6, 8, 10, 11, 12, 7, 9, 15, 16, 13, 19, 18, 14, 20, 17, 21, 23, 22, 26, 24, 27, 29, 25, 28, 30, 35, 31, 32, 34, 33, 36, 39, 37, 38, 42, 40, 41, 18558
       voisinage 1: 25, 11, 7, 17, 12, 5, 41, 29, 34, 42, 10, 19, 20, 27, 40, 38, 9, 15, 31, 26, 13, 6, 3, 32, 14, 35, 18, 2, 8, 1, 24, 37, 39, 28, 36, 16, 21, 4, 33, 30, 22, 23, 16064
fin fichier --------------
fichier: tai15a
    tabousize: 50
       voisinage 0: 1, 2, 6, 3, 13, 10, 7, 14, 4, 8, 11, 9, 15, 5, 12, 415092
       voisinage 1: 1, 2, 15, 6, 5, 10, 13, 7, 3, 12, 4, 14, 11, 9, 8, 391522
    tabousize: 150
       voisinage 0: 2, 4, 13, 10, 14, 1, 6, 15, 7, 5, 9, 8, 3, 11, 12, 395294
       voisinage 1: 4, 7, 2, 11, 6, 10, 14, 9, 8, 13, 1, 3, 15, 12, 5, 388988---
    tabousize: 250
       voisinage 0: 2, 4, 13, 10, 14, 1, 6, 15, 7, 5, 9, 8, 3, 11, 12, 395294
       voisinage 1: 4, 7, 2, 11, 6, 10, 14, 9, 8, 13, 1, 3, 15, 12, 5, 388988---
    tabousize: 350
       voisinage 0: 2, 4, 13, 10, 14, 1, 6, 15, 7, 5, 9, 8, 3, 11, 12, 395294
       voisinage 1: 1, 5, 6, 9, 13, 7, 8, 10, 15, 4, 3, 2, 11, 12, 14, 390352
    tabousize: 450
       voisinage 0: 2, 4, 13, 10, 14, 1, 6, 15, 7, 5, 9, 8, 3, 11, 12, 395294
       voisinage 1: 1, 5, 6, 9, 13, 7, 8, 10, 15, 4, 3, 2, 11, 12, 14, 390352
    tabousize: 550
       voisinage 0: 2, 4, 13, 10, 14, 1, 6, 15, 7, 5, 9, 8, 3, 11, 12, 395294
       voisinage 1: 1, 5, 6, 9, 13, 7, 8, 10, 15, 4, 3, 2, 11, 12, 14, 390352
    tabousize: 650
       voisinage 0: 2, 4, 13, 10, 14, 1, 6, 15, 7, 5, 9, 8, 3, 11, 12, 395294
       voisinage 1: 1, 5, 6, 9, 13, 7, 8, 10, 15, 4, 3, 2, 11, 12, 14, 390352
    tabousize: 750
       voisinage 0: 2, 4, 13, 10, 14, 1, 6, 15, 7, 5, 9, 8, 3, 11, 12, 395294
       voisinage 1: 1, 5, 6, 9, 13, 7, 8, 10, 15, 4, 3, 2, 11, 12, 14, 390352
    tabousize: 850
       voisinage 0: 2, 4, 13, 10, 14, 1, 6, 15, 7, 5, 9, 8, 3, 11, 12, 395294
       voisinage 1: 1, 5, 6, 9, 13, 7, 8, 10, 15, 4, 3, 2, 11, 12, 14, 390352
    tabousize: 950
       voisinage 0: 2, 4, 13, 10, 14, 1, 6, 15, 7, 5, 9, 8, 3, 11, 12, 395294
       voisinage 1: 1, 5, 6, 9, 13, 7, 8, 10, 15, 4, 3, 2, 11, 12, 14, 390352
    tabousize: 1050
       voisinage 0: 2, 4, 13, 10, 14, 1, 6, 15, 7, 5, 9, 8, 3, 11, 12, 395294
       voisinage 1: 1, 5, 6, 9, 13, 7, 8, 10, 15, 4, 3, 2, 11, 12, 14, 390352
fin fichier --------------
fichier: tai15b
    tabousize: 50
       voisinage 0: 9, 1, 5, 6, 4, 3, 10, 7, 12, 8, 2, 13, 11, 15, 14, 274436752
       voisinage 1: 1, 9, 4, 6, 8, 15, 7, 11, 3, 5, 2, 14, 13, 12, 10, 51765268
    tabousize: 150
       voisinage 0: 9, 1, 3, 5, 4, 12, 10, 7, 8, 2, 6, 13, 11, 15, 14, 274355680
       voisinage 1: 1, 9, 4, 6, 8, 15, 7, 11, 3, 5, 2, 14, 13, 12, 10, 51765268
    tabousize: 250
       voisinage 0: 4, 7, 13, 9, 3, 2, 1, 6, 8, 12, 11, 15, 14, 5, 10, 52094846
       voisinage 1: 1, 9, 4, 6, 8, 15, 7, 11, 3, 5, 2, 14, 13, 12, 10, 51765268
    tabousize: 350
       voisinage 0: 1, 6, 13, 9, 4, 2, 7, 11, 3, 5, 12, 14, 8, 15, 10, 52130500
       voisinage 1: 1, 9, 4, 6, 8, 15, 7, 11, 3, 5, 2, 14, 13, 12, 10, 51765268
    tabousize: 450
       voisinage 0: 1, 7, 13, 9, 12, 2, 6, 11, 3, 5, 4, 14, 15, 8, 10, 52072580---
       voisinage 1: 1, 9, 4, 6, 8, 15, 7, 11, 3, 5, 2, 14, 13, 12, 10, 51765268
    tabousize: 550
       voisinage 0: 1, 7, 13, 9, 12, 2, 6, 11, 3, 5, 4, 14, 15, 8, 10, 52072580
       voisinage 1: 1, 9, 4, 6, 8, 15, 7, 11, 3, 5, 2, 14, 13, 12, 10, 51765268
    tabousize: 650
       voisinage 0: 1, 7, 13, 9, 12, 2, 6, 11, 3, 5, 4, 14, 15, 8, 10, 52072580
       voisinage 1: 1, 9, 4, 6, 8, 15, 7, 11, 3, 5, 2, 14, 13, 12, 10, 51765268
    tabousize: 750
       voisinage 0: 1, 7, 13, 9, 12, 2, 6, 11, 3, 5, 4, 14, 15, 8, 10, 52072580
       voisinage 1: 1, 9, 4, 6, 8, 15, 7, 11, 3, 5, 2, 14, 13, 12, 10, 51765268
    tabousize: 850
       voisinage 0: 1, 7, 13, 9, 12, 2, 6, 11, 3, 5, 4, 14, 15, 8, 10, 52072580
       voisinage 1: 1, 9, 4, 6, 8, 15, 7, 11, 3, 5, 2, 14, 13, 12, 10, 51765268
    tabousize: 950
       voisinage 0: 1, 7, 13, 9, 12, 2, 6, 11, 3, 5, 4, 14, 15, 8, 10, 52072580
       voisinage 1: 1, 9, 4, 6, 8, 15, 7, 11, 3, 5, 2, 14, 13, 12, 10, 51765268
    tabousize: 1050
       voisinage 0: 1, 7, 13, 9, 12, 2, 6, 11, 3, 5, 4, 14, 15, 8, 10, 52072580
       voisinage 1: 1, 9, 4, 6, 8, 15, 7, 11, 3, 5, 2, 14, 13, 12, 10, 51765268
fin fichier --------------
fichier: tai100a
    tabousize: 50
       voisinage 0: 1, 3, 2, 5, 6, 7, 10, 4, 8, 9, 12, 11, 14, 13, 16, 17, 15, 19, 18, 20, 22, 21, 23, 24, 25, 27, 26, 28, 30, 29, 31, 32, 34, 33, 35, 37, 36, 38, 40, 39, 41, 43, 44, 42, 45, 46, 47, 48, 50, 52, 49, 51, 54, 55, 53, 56, 58, 57, 60, 59, 61, 63, 62, 65, 64, 67, 69, 70, 66, 71, 72, 68, 74, 73, 76, 75, 77, 84, 78, 79, 80, 81, 82, 83, 86, 88, 87, 85, 89, 91, 90, 92, 93, 95, 98, 94, 96, 97, 99, 100, 22890356
       voisinage 1: 57, 12, 95, 51, 5, 96, 63, 8, 50, 78, 100, 2, 19, 14, 15, 69, 27, 18, 13, 77, 21, 49, 16, 61, 43, 72, 17, 84, 90, 92, 31, 71, 88, 34, 89, 36, 62, 38, 39, 40, 41, 42, 60, 76, 45, 23, 73, 48, 65, 83, 29, 64, 93, 53, 97, 26, 44, 58, 6, 56, 52, 99, 46, 82, 22, 81, 67, 35, 28, 94, 32, 25, 3, 74, 75, 9, 30, 10, 79, 80, 66, 7, 85, 37, 47, 4, 87, 59, 68, 86, 91, 1, 54, 70, 20, 33, 55, 98, 24, 11, 21969790
    tabousize: 150
       voisinage 0: 3, 1, 2, 4, 6, 5, 10, 8, 7, 11, 9, 14, 12, 13, 16, 17, 15, 20, 18, 21, 19, 22, 23, 24, 27, 25, 26, 28, 30, 31, 29, 32, 35, 34, 33, 37, 39, 40, 36, 41, 38, 43, 44, 42, 45, 48, 46, 47, 50, 52, 49, 51, 54, 55, 53, 56, 58, 57, 60, 59, 61, 63, 62, 65, 67, 69, 70, 66, 64, 71, 72, 68, 74, 73, 76, 75, 77, 84, 78, 79, 82, 81, 80, 83, 86, 88, 87, 85, 89, 91, 90, 92, 93, 95, 98, 94, 96, 97, 99, 100, 22831350
       voisinage 1: 57, 12, 95, 51, 5, 96, 63, 8, 50, 78, 100, 2, 19, 14, 15, 69, 27, 18, 13, 77, 21, 49, 16, 61, 43, 72, 17, 84, 90, 92, 31, 47, 88, 34, 89, 36, 62, 38, 39, 40, 41, 42, 60, 76, 45, 23, 73, 48, 65, 83, 29, 64, 93, 53, 97, 26, 44, 58, 6, 56, 52, 99, 46, 82, 22, 81, 67, 35, 28, 94, 32, 25, 3, 74, 75, 9, 30, 10, 79, 80, 66, 7, 85, 37, 71, 4, 87, 59, 68, 86, 91, 1, 54, 70, 20, 33, 55, 98, 24, 11, 21963446
    tabousize: 250
       voisinage 0: 1, 3, 2, 4, 6, 7, 10, 5, 8, 9, 12, 11, 14, 13, 16, 17, 15, 19, 22, 20, 18, 21, 23, 24, 25, 27, 26, 28, 30, 29, 31, 32, 34, 33, 35, 37, 38, 36, 40, 39, 41, 43, 44, 42, 45, 46, 47, 48, 50, 52, 49, 51, 54, 55, 53, 56, 58, 57, 60, 59, 61, 63, 62, 65, 69, 67, 70, 66, 64, 71, 72, 68, 74, 73, 76, 75, 77, 84, 78, 79, 80, 81, 82, 83, 86, 88, 87, 85, 89, 91, 90, 92, 93, 95, 94, 98, 96, 97, 99, 100, 22848046
       voisinage 1: 57, 12, 95, 51, 5, 96, 63, 8, 50, 78, 100, 2, 19, 14, 15, 69, 27, 18, 13, 77, 21, 49, 16, 61, 43, 72, 17, 84, 90, 92, 31, 47, 88, 34, 89, 36, 62, 38, 39, 40, 41, 42, 60, 76, 45, 23, 73, 48, 65, 83, 29, 64, 93, 53, 97, 26, 44, 58, 6, 56, 52, 99, 46, 82, 22, 81, 67, 35, 28, 94, 32, 25, 3, 74, 75, 9, 30, 10, 79, 80, 66, 7, 85, 37, 71, 4, 87, 59, 68, 86, 91, 1, 54, 70, 20, 33, 55, 98, 24, 11, 21963446
    tabousize: 350
       voisinage 0: 1, 3, 2, 4, 6, 7, 10, 5, 8, 9, 12, 11, 14, 13, 16, 17, 15, 19, 22, 20, 18, 21, 23, 24, 25, 27, 26, 28, 30, 29, 31, 32, 34, 33, 35, 37, 38, 36, 40, 39, 41, 43, 44, 42, 45, 46, 47, 48, 50, 52, 49, 51, 54, 55, 53, 56, 58, 57, 60, 59, 61, 63, 62, 65, 69, 67, 70, 66, 64, 71, 72, 68, 74, 73, 76, 75, 77, 84, 78, 79, 80, 81, 82, 83, 86, 88, 87, 85, 89, 91, 90, 92, 93, 95, 94, 98, 96, 97, 99, 100, 22848046
       voisinage 1: 57, 12, 95, 51, 5, 96, 63, 8, 50, 78, 100, 2, 19, 14, 15, 69, 27, 18, 13, 77, 21, 49, 16, 61, 43, 72, 17, 84, 90, 92, 31, 47, 88, 34, 89, 36, 62, 38, 39, 40, 41, 42, 60, 76, 45, 23, 73, 48, 65, 83, 29, 64, 93, 53, 97, 26, 44, 58, 6, 56, 52, 99, 46, 82, 22, 81, 67, 35, 28, 94, 32, 25, 3, 74, 75, 9, 30, 10, 79, 80, 66, 7, 85, 37, 71, 4, 87, 59, 68, 86, 91, 1, 54, 70, 20, 33, 55, 98, 24, 11, 21963446
    tabousize: 450
       voisinage 0: 1, 3, 2, 4, 6, 7, 10, 5, 8, 9, 12, 11, 14, 13, 16, 17, 15, 19, 22, 20, 18, 21, 23, 24, 25, 27, 26, 28, 30, 29, 31, 32, 34, 33, 35, 37, 38, 36, 40, 39, 41, 43, 44, 42, 45, 46, 47, 48, 50, 52, 49, 51, 54, 55, 53, 56, 58, 57, 60, 59, 61, 63, 62, 65, 69, 67, 70, 66, 64, 71, 72, 68, 74, 73, 76, 75, 77, 84, 78, 79, 80, 81, 82, 83, 86, 88, 87, 85, 89, 91, 90, 92, 93, 95, 94, 98, 96, 97, 99, 100, 22848046
       voisinage 1: 57, 12, 95, 51, 5, 96, 63, 8, 50, 78, 100, 2, 19, 14, 15, 69, 27, 18, 13, 77, 21, 49, 16, 61, 72, 43, 17, 84, 90, 92, 31, 71, 88, 34, 89, 36, 62, 38, 39, 40, 41, 42, 60, 76, 45, 23, 73, 48, 65, 83, 29, 64, 93, 53, 97, 26, 44, 58, 6, 56, 52, 99, 46, 82, 22, 81, 67, 35, 28, 94, 32, 25, 3, 74, 75, 9, 30, 10, 79, 80, 66, 7, 85, 37, 47, 4, 87, 59, 68, 86, 91, 1, 54, 70, 20, 33, 55, 98, 24, 11, 21980756
    tabousize: 550
       voisinage 0: 1, 3, 2, 4, 6, 7, 10, 5, 8, 9, 12, 11, 14, 13, 16, 17, 15, 19, 22, 20, 18, 21, 23, 24, 25, 27, 26, 28, 30, 29, 31, 32, 34, 33, 35, 37, 38, 36, 40, 39, 41, 43, 44, 42, 45, 46, 47, 48, 50, 52, 49, 51, 54, 55, 53, 56, 58, 57, 60, 59, 61, 63, 62, 65, 69, 67, 70, 66, 64, 71, 72, 68, 74, 73, 76, 75, 77, 84, 78, 79, 80, 81, 82, 83, 86, 88, 87, 85, 89, 91, 90, 92, 93, 95, 94, 98, 96, 97, 99, 100, 22848046
       voisinage 1: 57, 12, 95, 51, 5, 96, 63, 8, 50, 78, 100, 2, 19, 14, 15, 69, 27, 18, 13, 77, 21, 49, 16, 61, 43, 72, 17, 84, 90, 92, 31, 47, 88, 34, 89, 36, 62, 38, 39, 40, 41, 42, 60, 76, 45, 23, 73, 48, 65, 83, 29, 64, 93, 53, 97, 26, 44, 58, 6, 56, 52, 99, 46, 82, 22, 81, 67, 35, 28, 94, 32, 25, 3, 74, 75, 9, 30, 10, 79, 80, 66, 7, 85, 37, 71, 4, 87, 59, 68, 86, 91, 1, 54, 70, 20, 33, 55, 98, 24, 11, 21963446
    tabousize: 650
       voisinage 0: 1, 3, 2, 4, 6, 7, 10, 5, 8, 9, 12, 11, 14, 13, 16, 17, 15, 19, 22, 20, 18, 21, 23, 24, 25, 27, 26, 28, 30, 29, 31, 32, 34, 33, 35, 37, 38, 36, 40, 39, 41, 43, 44, 42, 45, 46, 47, 48, 50, 52, 49, 51, 54, 55, 53, 56, 58, 57, 60, 59, 61, 63, 62, 65, 69, 67, 70, 66, 64, 71, 72, 68, 74, 73, 76, 75, 77, 84, 78, 79, 80, 81, 82, 83, 86, 88, 87, 85, 89, 91, 90, 92, 93, 95, 94, 98, 96, 97, 99, 100, 22848046
       voisinage 1: 57, 12, 95, 51, 5, 96, 63, 8, 50, 78, 100, 2, 19, 14, 15, 69, 27, 18, 13, 77, 21, 49, 16, 61, 43, 72, 17, 84, 90, 92, 31, 47, 88, 34, 89, 36, 62, 38, 39, 40, 41, 42, 60, 76, 45, 23, 73, 48, 65, 83, 29, 64, 93, 53, 97, 26, 44, 58, 6, 56, 52, 99, 46, 82, 22, 81, 67, 35, 28, 94, 32, 25, 3, 74, 75, 9, 30, 10, 79, 80, 66, 7, 85, 37, 71, 4, 87, 59, 68, 86, 91, 1, 54, 70, 20, 33, 55, 98, 24, 11, 21963446
    tabousize: 750
       voisinage 0: 1, 3, 2, 4, 6, 7, 10, 5, 8, 9, 12, 11, 14, 13, 16, 17, 15, 19, 22, 20, 18, 21, 23, 24, 25, 27, 26, 28, 30, 29, 31, 32, 34, 33, 35, 37, 38, 36, 40, 39, 41, 43, 44, 42, 45, 46, 47, 48, 50, 52, 49, 51, 54, 55, 53, 56, 58, 57, 60, 59, 61, 63, 62, 65, 69, 67, 70, 66, 64, 71, 72, 68, 74, 73, 76, 75, 77, 84, 78, 79, 80, 81, 82, 83, 86, 88, 87, 85, 89, 91, 90, 92, 93, 95, 94, 98, 96, 97, 99, 100, 22848046
       voisinage 1: 57, 12, 95, 51, 5, 96, 63, 8, 50, 78, 100, 2, 19, 14, 15, 69, 27, 18, 13, 77, 21, 49, 16, 61, 43, 72, 17, 84, 90, 92, 31, 47, 88, 34, 89, 36, 62, 38, 39, 40, 41, 42, 60, 76, 45, 23, 73, 48, 65, 83, 29, 64, 93, 53, 97, 26, 44, 58, 6, 56, 52, 99, 46, 82, 22, 81, 67, 35, 28, 94, 32, 25, 3, 74, 75, 9, 30, 10, 79, 80, 66, 7, 85, 37, 71, 4, 87, 59, 68, 86, 91, 1, 54, 70, 20, 33, 55, 98, 24, 11, 21963446
    tabousize: 850
       voisinage 0: 1, 3, 2, 4, 6, 7, 10, 5, 8, 9, 12, 11, 14, 13, 16, 17, 15, 19, 22, 20, 18, 21, 23, 24, 25, 27, 26, 28, 30, 29, 31, 32, 34, 33, 35, 37, 38, 36, 40, 39, 41, 43, 44, 42, 45, 46, 47, 48, 50, 52, 49, 51, 54, 55, 53, 56, 58, 57, 60, 59, 61, 63, 62, 65, 69, 67, 70, 66, 64, 71, 72, 68, 74, 73, 76, 75, 77, 84, 78, 79, 80, 81, 82, 83, 86, 88, 87, 85, 89, 91, 90, 92, 93, 95, 94, 98, 96, 97, 99, 100, 22848046
       voisinage 1: 57, 12, 95, 51, 5, 96, 63, 8, 50, 78, 100, 2, 19, 14, 15, 69, 27, 18, 13, 77, 21, 49, 16, 61, 43, 72, 17, 84, 90, 92, 31, 47, 88, 34, 89, 36, 62, 38, 39, 40, 41, 42, 60, 76, 45, 23, 73, 48, 65, 83, 29, 64, 93, 53, 97, 26, 44, 58, 6, 56, 52, 99, 46, 82, 22, 81, 67, 35, 28, 94, 32, 25, 3, 74, 75, 9, 30, 10, 79, 80, 66, 7, 85, 37, 71, 4, 87, 59, 68, 86, 91, 1, 54, 70, 20, 33, 55, 98, 24, 11, 21963446
    tabousize: 950
       voisinage 0: 1, 3, 2, 4, 6, 7, 10, 5, 8, 9, 12, 11, 14, 13, 16, 17, 15, 19, 22, 20, 18, 21, 23, 24, 25, 27, 26, 28, 30, 29, 31, 32, 34, 33, 35, 37, 38, 36, 40, 39, 41, 43, 44, 42, 45, 46, 47, 48, 50, 52, 49, 51, 54, 55, 53, 56, 58, 57, 60, 59, 61, 63, 62, 65, 69, 67, 70, 66, 64, 71, 72, 68, 74, 73, 76, 75, 77, 84, 78, 79, 80, 81, 82, 83, 86, 88, 87, 85, 89, 91, 90, 92, 93, 95, 94, 98, 96, 97, 99, 100, 22848046
       voisinage 1: 57, 12, 95, 51, 5, 96, 63, 8, 50, 78, 100, 2, 19, 14, 15, 69, 27, 18, 13, 77, 21, 49, 16, 61, 43, 72, 17, 84, 90, 92, 31, 47, 88, 34, 89, 36, 62, 38, 39, 40, 41, 42, 60, 76, 45, 23, 73, 48, 65, 83, 29, 64, 93, 53, 97, 26, 44, 58, 6, 56, 52, 99, 46, 82, 22, 81, 67, 35, 28, 94, 32, 25, 3, 74, 75, 9, 30, 10, 79, 80, 66, 7, 85, 37, 71, 4, 87, 59, 68, 86, 91, 1, 54, 70, 20, 33, 55, 98, 24, 11, 21963446
    tabousize: 1050
       voisinage 0: 1, 3, 2, 4, 6, 7, 10, 5, 8, 9, 12, 11, 14, 13, 16, 17, 15, 19, 22, 20, 18, 21, 23, 24, 25, 27, 26, 28, 30, 29, 31, 32, 34, 33, 35, 37, 38, 36, 40, 39, 41, 43, 44, 42, 45, 46, 47, 48, 50, 52, 49, 51, 54, 55, 53, 56, 58, 57, 60, 59, 61, 63, 62, 65, 69, 67, 70, 66, 64, 71, 72, 68, 74, 73, 76, 75, 77, 84, 78, 79, 80, 81, 82, 83, 86, 88, 87, 85, 89, 91, 90, 92, 93, 95, 94, 98, 96, 97, 99, 100, 22848046
       voisinage 1: 57, 12, 95, 51, 5, 96, 63, 8, 50, 78, 100, 2, 19, 14, 15, 69, 27, 18, 13, 77, 21, 49, 16, 61, 43, 72, 17, 84, 90, 92, 31, 47, 88, 34, 89, 36, 62, 38, 39, 40, 41, 42, 60, 76, 45, 23, 73, 48, 65, 83, 29, 64, 93, 53, 97, 26, 44, 58, 6, 56, 52, 99, 46, 82, 22, 81, 67, 35, 28, 94, 32, 25, 3, 74, 75, 9, 30, 10, 79, 80, 66, 7, 85, 37, 71, 4, 87, 59, 68, 86, 91, 1, 54, 70, 20, 33, 55, 98, 24, 11, 21963446
fin fichier --------------
